1311 87788 89228 515193
2252 10953 13199 515193
3091 5403 89228 515193
3289 5403 89228 515193
4161 94007 89189 515193
6320 16580 8526 515193
7458 403081 8526 515193
8083 94007 390186 515193
8609 16581 15654 515193
9268 8388 10960 515193
9597 94007 89368 515193
9598 11429 10960 515193
12066 94007 16750 515193
14058 16867 16578 515193
14230 16581 89189 515193
14271 16867 89189 515193
14571 87788 16750 515193
17019 10953 16750 515193
18627 10953 89368 515193
19071 16867 89189 515193
20133 15425 89368 515193
20156 16867 390186 515193
20623 94007 89368 515193
22311 94007 13199 515193
22409 16581 95405 515193
23420 13200 10960 515193
24350 10953 390186 515193
26112 13200 95405 515193
30321 16581 89228 515193
32459 468534 15654 515193
48606 16442 8526 515193
50367 403081 13199 515193
73083 10953 16750 515193
85009 15425 10959 515193
85174 10953 10960 515193
87267 16867 89368 515193
95177 16581 16578 515193
101360 468534 8526 515193
112292 403081 89228 515193
113063 403081 89228 515193
116117 87676 13199 515193
117640 10953 10959 515193
118386 94007 8526 515193
119329 8388 16578 515193
120395 16867 89189 515193
122139 15425 16750 515193
122313 8388 16750 515193
124329 87788 15654 515193
127009 8388 16578 515193
142267 94007 89368 515193
144143 15425 15654 515193
148147 15425 390186 515193
158559 16581 15654 515193
159476 16580 390186 515193
160043 403081 10960 515193
160304 10953 95405 515193
163208 16442 95405 515193
168167 16442 16750 515193
169413 87676 89368 515193
172131 403081 13199 515193
172400 13200 8526 515193
178387 87676 89368 515193
182611 13200 89189 515193
185186 87676 390186 515193
192242 5403 15654 515193
195184 87676 13199 515193
196292 87788 89368 515193
199059 5403 10960 515193
200548 16581 16750 515193
200550 468534 95405 515193
200578 16581 13199 515193
201252 16580 390186 515193
202502 16580 15654 515193
203107 16867 390186 515193
204003 94007 89189 515193
204020 13200 16750 515193
204088 16442 10959 515193
204367 94007 16578 515193
204379 10953 390186 515193
205462 94007 10960 515193
209038 10953 8526 515193
209493 13200 89228 515193
210092 87788 10959 515193
212469 87788 95405 515193
213101 87676 13199 515193
217060 87788 13199 515193
220399 94007 89189 515193
222520 403081 390186 515193
223319 94007 390186 515193
229110 16581 15654 515193
223360 8388 10960 515193
233493 11429 89228 515193
233535 11429 89368 515193
239544 15425 16578 515193
242448 16581 10960 515193
244298 87788 16578 515193
244533 16580 390186 515193
323302 87788 16750 515193
544114 16442 89368 515193
579316 403081 16750 515193
579320 16867 16750 515193
700080 16581 89189 515193
898559 10953 15654 515193
1083008 11429 10959 515193
1090147 13200 10960 515193
1080148 10953 89368 515193
1080150 16867 15654 515193
1458518 16867 10959 515193
1475609 403081 16750 515193
1479466 15425 95405 515193
1535228 13200 10959 515193
1622010 8388 15654 515193
1622014 15425 89189 515193
2117055 94007 10960 515193
2106147 8388 8526 515193
2097368 87788 16578 515193
2081575 10953 13199 515193
2081573 16581 15654 515193
2081558 5403 390186 515193
2081557 11429 8526 515193
2081228 87676 10960 515193
2071009 16867 8526 515193
2055552 8388 89228 515193
2052231 468534 95405 515193
2046095 16580 390186 515193
2046094 87788 10960 515193
2027534 16867 8526 515193
2026201 16867 390186 515193
2017324 10953 15654 515193
2017310 87676 16750 515193
2017308 87788 95405 515193
2013363 15425 10960 515193
2013354 16581 390186 515193
2013350 468534 89368 515193
2013344 16581 16750 515193
2013310 16442 16750 515193
2013302 16442 8526 515193
2005050 10953 16750 515193
1957457 468534 89368 515193
1949542 16581 95405 515193
1949541 16867 390186 515193
1949533 87676 16578 515193
1949531 403081 89368 515193
1949532 13200 89189 515193
1949529 468534 89189 515193
1949527 8388 15654 515193
1949526 11429 15654 515193
1949525 13200 8526 515193
1949518 16581 13199 515193
1949481 87788 390186 515193
1949479 87788 89228 515193
1949475 16580 16750 515193
1949474 94007 16750 515193
1949466 10953 10960 515193
1949465 403081 89228 515193
1949455 16442 89228 515193
1949452 16581 95405 515193
1949450 5403 15654 515193
1949447 5403 10959 515193
1948573 13200 89228 515193
1948520 87788 10959 515193
1948518 16580 16750 515193
1948512 403081 13199 515193
1948484 87676 89189 515193
1948482 16581 16578 515193
1948446 87676 390186 515193
1948439 87676 15654 515193
1948437 403081 13199 515193
1948352 403081 10959 515193
1948351 10953 89368 515193
1948348 16442 16578 515193
1939084 5403 16750 515193
1922633 87676 10960 515193
1912251 8388 95405 515193
1912250 5403 10960 515193
1912249 11429 390186 515193

